========== VALUES =======
N = 30 
L = 0.002 
L = 0.002 
V0 = 10 ========== RESULT =======

Charge Distribuition on inferior board:
[[-7.45481117e-09 -4.87747498e-09 -4.40750873e-09 -4.13927901e-09
  -3.97716154e-09 -3.87487700e-09 -3.81355626e-09 -3.78476429e-09
  -3.78576022e-09 -3.81826552e-09 -3.88943232e-09 -4.01611931e-09
  -4.24051394e-09 -4.65022662e-09 -7.01506075e-09  0.00000000e+00
   0.00000000e+00  0.00000000e+00  0.00000000e+00  0.00000000e+00
   0.00000000e+00  0.00000000e+00  0.00000000e+00  0.00000000e+00
   0.00000000e+00  0.00000000e+00  0.00000000e+00  0.00000000e+00
   0.00000000e+00  0.00000000e+00]
 [-4.83293330e-09 -2.43047257e-09 -2.10762695e-09 -1.93495069e-09
  -1.83728371e-09 -1.77781918e-09 -1.74286540e-09 -1.72656851e-09
  -1.72706181e-09 -1.74549322e-09 -1.78678002e-09 -1.86305206e-09
  -2.00758717e-09 -2.28861707e-09 -4.47979988e-09  0.00000000e+00
   0.00000000e+00  0.00000000e+00  0.00000000e+00  0.00000000e+00
   0.00000000e+00  0.00000000e+00  0.00000000e+00  0.00000000e+00
   0.00000000e+00  0.00000000e+00  0.00000000e+00  0.00000000e+00
   0.00000000e+00  0.00000000e+00]
 [-4.33330779e-09 -2.09029952e-09 -1.76850963e-09 -1.59922016e-09
  -1.50504257e-09 -1.44845736e-09 -1.41543037e-09 -1.39998690e-09
  -1.40021349e-09 -1.41723853e-09 -1.45600188e-09 -1.52878301e-09
  -1.66909627e-09 -1.94636769e-09 -3.96353306e-09  0.00000000e+00
   0.00000000e+00  0.00000000e+00  0.00000000e+00  0.00000000e+00
   0.00000000e+00  0.00000000e+00  0.00000000e+00  0.00000000e+00
   0.00000000e+00  0.00000000e+00  0.00000000e+00  0.00000000e+00
   0.00000000e+00  0.00000000e+00]
 [-4.03485710e-09 -1.90134346e-09 -1.58402454e-09 -1.41662096e-09
  -1.32343529e-09 -1.26755298e-09 -1.23491706e-09 -1.21948500e-09
  -1.21928993e-09 -1.23541695e-09 -1.27274465e-09 -1.34335734e-09
  -1.47969975e-09 -1.74860866e-09 -3.63635838e-09  0.00000000e+00
   0.00000000e+00  0.00000000e+00  0.00000000e+00  0.00000000e+00
   0.00000000e+00  0.00000000e+00  0.00000000e+00  0.00000000e+00
   0.00000000e+00  0.00000000e+00  0.00000000e+00  0.00000000e+00
   0.00000000e+00  0.00000000e+00]
 [-3.83982384e-09 -1.78661101e-09 -1.47449745e-09 -1.30865489e-09
  -1.21575555e-09 -1.15982409e-09 -1.12697227e-09 -1.11115936e-09
  -1.11037510e-09 -1.12563059e-09 -1.16165171e-09 -1.23011098e-09
  -1.36200617e-09 -1.62084016e-09 -3.40363967e-09  0.00000000e+00
   0.00000000e+00  0.00000000e+00  0.00000000e+00  0.00000000e+00
   0.00000000e+00  0.00000000e+00  0.00000000e+00  0.00000000e+00
   0.00000000e+00  0.00000000e+00  0.00000000e+00  0.00000000e+00
   0.00000000e+00  0.00000000e+00]
 [-3.70013115e-09 -1.70796415e-09 -1.40088988e-09 -1.23664522e-09
  -1.14398377e-09 -1.08784759e-09 -1.05458987e-09 -1.03821424e-09
  -1.03667436e-09 -1.05088090e-09 -1.08534175e-09 -1.15121123e-09
  -1.27798681e-09 -1.52597184e-09 -3.21821996e-09  0.00000000e+00
   0.00000000e+00  0.00000000e+00  0.00000000e+00  0.00000000e+00
   0.00000000e+00  0.00000000e+00  0.00000000e+00  0.00000000e+00
   0.00000000e+00  0.00000000e+00  0.00000000e+00  0.00000000e+00
   0.00000000e+00  0.00000000e+00]
 [-3.59498391e-09 -1.65049151e-09 -1.34791808e-09 -1.18520630e-09
  -1.09280201e-09 -1.03643414e-09 -1.00269437e-09 -9.85640155e-10
  -9.83186481e-10 -9.96123121e-10 -1.02870147e-09 -1.09151414e-09
  -1.21258688e-09 -1.44921106e-09 -3.05882829e-09  0.00000000e+00
   0.00000000e+00  0.00000000e+00  0.00000000e+00  0.00000000e+00
   0.00000000e+00  0.00000000e+00  0.00000000e+00  0.00000000e+00
   0.00000000e+00  0.00000000e+00  0.00000000e+00  0.00000000e+00
   0.00000000e+00  0.00000000e+00]
 [-3.51344160e-09 -1.60681487e-09 -1.30811066e-09 -1.14677775e-09
  -1.05461760e-09 -9.98003527e-10 -9.63732236e-10 -9.45904894e-10
  -9.42387360e-10 -9.53829815e-10 -9.84199635e-10 -1.04350009e-09
  -1.15829733e-09 -1.38295592e-09 -2.91331167e-09  0.00000000e+00
   0.00000000e+00  0.00000000e+00  0.00000000e+00  0.00000000e+00
   0.00000000e+00  0.00000000e+00  0.00000000e+00  0.00000000e+00
   0.00000000e+00  0.00000000e+00  0.00000000e+00  0.00000000e+00
   0.00000000e+00  0.00000000e+00]
 [-3.44914014e-09 -1.57284408e-09 -1.27738581e-09 -1.11723082e-09
  -1.02526363e-09 -9.68374248e-10 -9.33522292e-10 -9.14833390e-10
  -9.10108360e-10 -9.19837046e-10 -9.47673739e-10 -1.00299486e-09
  -1.11086693e-09 -1.32268069e-09 -2.77341613e-09  0.00000000e+00
   0.00000000e+00  0.00000000e+00  0.00000000e+00  0.00000000e+00
   0.00000000e+00  0.00000000e+00  0.00000000e+00  0.00000000e+00
   0.00000000e+00  0.00000000e+00  0.00000000e+00  0.00000000e+00
   0.00000000e+00  0.00000000e+00]
 [-3.39811228e-09 -1.54612300e-09 -1.25332785e-09 -1.09413155e-09
  -1.00228012e-09 -9.45071009e-10 -9.09584778e-10 -8.89948676e-10
  -8.83878724e-10 -8.91679003e-10 -9.16652064e-10 -9.67484782e-10
  -1.06763108e-09 -1.26530703e-09 -2.63242359e-09  0.00000000e+00
   0.00000000e+00  0.00000000e+00  0.00000000e+00  0.00000000e+00
   0.00000000e+00  0.00000000e+00  0.00000000e+00  0.00000000e+00
   0.00000000e+00  0.00000000e+00  0.00000000e+00  0.00000000e+00
   0.00000000e+00  0.00000000e+00]
 [-3.35776983e-09 -1.52509634e-09 -1.23442789e-09 -1.07596860e-09
  -9.84141864e-10 -9.26559288e-10 -8.90383436e-10 -8.69719533e-10
  -8.62176383e-10 -8.67840995e-10 -8.89610809e-10 -9.35382905e-10
  -1.02678546e-09 -1.20845463e-09 -2.48367701e-09  0.00000000e+00
   0.00000000e+00  0.00000000e+00  0.00000000e+00  0.00000000e+00
   0.00000000e+00  0.00000000e+00  0.00000000e+00  0.00000000e+00
   0.00000000e+00  0.00000000e+00  0.00000000e+00  0.00000000e+00
   0.00000000e+00  0.00000000e+00]
 [-3.32637991e-09 -1.50874769e-09 -1.21971228e-09 -1.06177391e-09
  -9.69875987e-10 -9.11863659e-10 -8.74946375e-10 -8.53184526e-10
  -8.44056158e-10 -8.47394810e-10 -8.65622893e-10 -9.05698450e-10
  -9.87065609e-10 -1.15005667e-09 -2.31907504e-09  0.00000000e+00
   0.00000000e+00  0.00000000e+00  0.00000000e+00  0.00000000e+00
   0.00000000e+00  0.00000000e+00  0.00000000e+00  0.00000000e+00
   0.00000000e+00  0.00000000e+00  0.00000000e+00  0.00000000e+00
   0.00000000e+00  0.00000000e+00]
 [-3.30277615e-09 -1.49640658e-09 -1.20854640e-09 -1.05092198e-09
  -9.58858376e-10 -9.00363399e-10 -8.62662279e-10 -8.39750115e-10
  -8.28952179e-10 -8.29811194e-10 -8.44193111e-10 -8.77916126e-10
  -9.47674462e-10 -1.08823066e-09 -2.12649173e-09  0.00000000e+00
   0.00000000e+00  0.00000000e+00  0.00000000e+00  0.00000000e+00
   0.00000000e+00  0.00000000e+00  0.00000000e+00  0.00000000e+00
   0.00000000e+00  0.00000000e+00  0.00000000e+00  0.00000000e+00
   0.00000000e+00  0.00000000e+00]
 [-3.28619216e-09 -1.48764012e-09 -1.20052536e-09 -1.04301799e-09
  -9.50699598e-10 -8.91677098e-10 -8.53164536e-10 -8.29075309e-10
  -8.16565367e-10 -8.14857021e-10 -8.25185322e-10 -8.52008507e-10
  -9.08482348e-10 -1.02183319e-09 -1.88335848e-09  0.00000000e+00
   0.00000000e+00  0.00000000e+00  0.00000000e+00  0.00000000e+00
   0.00000000e+00  0.00000000e+00  0.00000000e+00  0.00000000e+00
   0.00000000e+00  0.00000000e+00  0.00000000e+00  0.00000000e+00
   0.00000000e+00  0.00000000e+00]
 [-3.27616380e-09 -1.48219062e-09 -1.19541149e-09 -1.03783381e-09
  -9.45179145e-10 -8.85595378e-10 -8.46262540e-10 -8.21001469e-10
  -8.06792104e-10 -8.02526439e-10 -8.08775496e-10 -8.28500961e-10
  -8.70558939e-10 -9.52503935e-10 -1.52736920e-09  0.00000000e+00
   0.00000000e+00  0.00000000e+00  0.00000000e+00  0.00000000e+00
   0.00000000e+00  0.00000000e+00  0.00000000e+00  0.00000000e+00
   0.00000000e+00  0.00000000e+00  0.00000000e+00  0.00000000e+00
   0.00000000e+00  0.00000000e+00]
 [-3.27247408e-09 -1.47994080e-09 -1.19309953e-09 -1.03527210e-09
  -9.42208174e-10 -8.82041986e-10 -8.41900488e-10 -8.15507320e-10
  -7.99672251e-10 -7.92975786e-10 -7.95366565e-10 -8.08398942e-10
  -8.36685857e-10 -8.90585114e-10 -1.05847589e-09 -1.52736920e-09
  -1.88335848e-09 -2.12649173e-09 -2.31907504e-09 -2.48367701e-09
  -2.63242359e-09 -2.77341613e-09 -2.91331167e-09 -3.05882829e-09
  -3.21821996e-09 -3.40363967e-09 -3.63635838e-09 -3.96353306e-09
  -4.47979988e-09 -7.01506075e-09]
 [-3.27512729e-09 -1.48089754e-09 -1.19360026e-09 -1.03534926e-09
  -9.41811318e-10 -8.81053989e-10 -8.40134866e-10 -8.12681158e-10
  -7.95349729e-10 -7.86455415e-10 -7.85440076e-10 -7.92775604e-10
  -8.10253092e-10 -8.41297099e-10 -8.90585114e-10 -9.52503935e-10
  -1.02183319e-09 -1.08823066e-09 -1.15005667e-09 -1.20845463e-09
  -1.26530703e-09 -1.32268069e-09 -1.38295592e-09 -1.44921106e-09
  -1.52597184e-09 -1.62084016e-09 -1.74860866e-09 -1.94636769e-09
  -2.28861707e-09 -4.65022662e-09]
 [-3.28434714e-09 -1.48519043e-09 -1.19703883e-09 -1.03819326e-09
  -9.44123787e-10 -8.82777597e-10 -8.41127910e-10 -8.12709466e-10
  -7.94050068e-10 -7.83258507e-10 -7.79416154e-10 -7.82311844e-10
  -7.92325341e-10 -8.10253092e-10 -8.36685857e-10 -8.70558939e-10
  -9.08482348e-10 -9.47674462e-10 -9.87065609e-10 -1.02678546e-09
  -1.06763108e-09 -1.11086693e-09 -1.15829733e-09 -1.21258688e-09
  -1.27798681e-09 -1.36200617e-09 -1.47969975e-09 -1.66909627e-09
  -2.00758717e-09 -4.24051394e-09]
 [-3.30059844e-09 -1.49308506e-09 -1.20366762e-09 -1.04405639e-09
  -9.49403859e-10 -8.87479997e-10 -8.45158109e-10 -8.15884881e-10
  -7.96083402e-10 -7.83713960e-10 -7.77626926e-10 -7.77235791e-10
  -7.82311844e-10 -7.92775604e-10 -8.08398942e-10 -8.28500961e-10
  -8.52008507e-10 -8.77916126e-10 -9.05698450e-10 -9.35382905e-10
  -9.67484782e-10 -1.00299486e-09 -1.04350009e-09 -1.09151414e-09
  -1.15121123e-09 -1.23011098e-09 -1.34335734e-09 -1.52878301e-09
  -1.86305206e-09 -4.01611931e-09]
 [-3.32463784e-09 -1.50501454e-09 -1.21389732e-09 -1.05334662e-09
  -9.58064508e-10 -8.95581059e-10 -8.52651849e-10 -8.22638110e-10
  -8.01878627e-10 -7.88230924e-10 -7.80406415e-10 -7.77626926e-10
  -7.79416154e-10 -7.85440076e-10 -7.95366565e-10 -8.08775496e-10
  -8.25185322e-10 -8.44193111e-10 -8.65622893e-10 -8.89610809e-10
  -9.16652064e-10 -9.47673739e-10 -9.84199635e-10 -1.02870147e-09
  -1.08534175e-09 -1.16165171e-09 -1.27274465e-09 -1.45600188e-09
  -1.78678002e-09 -3.88943232e-09]
 [-3.35760574e-09 -1.52163779e-09 -1.22835490e-09 -1.06668642e-09
  -9.70733160e-10 -9.07713728e-10 -8.64244605e-10 -8.33601178e-10
  -8.12052711e-10 -7.97386004e-10 -7.88230924e-10 -7.83713960e-10
  -7.83258507e-10 -7.86455415e-10 -7.92975786e-10 -8.02526439e-10
  -8.14857021e-10 -8.29811194e-10 -8.47394810e-10 -8.67840995e-10
  -8.91679003e-10 -9.19837046e-10 -9.53829815e-10 -9.96123121e-10
  -1.05088090e-09 -1.12563059e-09 -1.23541695e-09 -1.41723853e-09
  -1.74549322e-09 -3.81826552e-09]
 [-3.40118526e-09 -1.54394236e-09 -1.24798683e-09 -1.08501774e-09
  -9.88358115e-10 -9.24831238e-10 -8.80888920e-10 -8.49717427e-10
  -8.27526315e-10 -8.12052711e-10 -8.01878627e-10 -7.96083402e-10
  -7.94050068e-10 -7.95349729e-10 -7.99672251e-10 -8.06792104e-10
  -8.16565367e-10 -8.28952179e-10 -8.44056158e-10 -8.62176383e-10
  -8.83878724e-10 -9.10108360e-10 -9.42387360e-10 -9.83186481e-10
  -1.03667436e-09 -1.11037510e-09 -1.21928993e-09 -1.40021349e-09
  -1.72706181e-09 -3.78576022e-09]
 [-3.45787911e-09 -1.57342872e-09 -1.27424557e-09 -1.10979194e-09
  -1.01240017e-09 -9.48398742e-10 -9.04045450e-10 -8.72432732e-10
  -8.49717427e-10 -8.33601178e-10 -8.22638110e-10 -8.15884881e-10
  -8.12709466e-10 -8.12681158e-10 -8.15507320e-10 -8.21001469e-10
  -8.29075309e-10 -8.39750115e-10 -8.53184526e-10 -8.69719533e-10
  -8.89948676e-10 -9.14833390e-10 -9.45904894e-10 -9.85640155e-10
  -1.03821424e-09 -1.11115936e-09 -1.21948500e-09 -1.39998690e-09
  -1.72656851e-09 -3.78476429e-09]
 [-3.53151351e-09 -1.61245693e-09 -1.30944417e-09 -1.14332991e-09
  -1.04519366e-09 -9.80751394e-10 -9.36036733e-10 -9.04045450e-10
  -8.80888920e-10 -8.64244605e-10 -8.52651849e-10 -8.45158109e-10
  -8.41127910e-10 -8.40134866e-10 -8.41900488e-10 -8.46262540e-10
  -8.53164536e-10 -8.62662279e-10 -8.74946375e-10 -8.90383436e-10
  -9.09584778e-10 -9.33522292e-10 -9.63732236e-10 -1.00269437e-09
  -1.05458987e-09 -1.12697227e-09 -1.23491706e-09 -1.41543037e-09
  -1.74286540e-09 -3.81355626e-09]
 [-3.62821887e-09 -1.66495032e-09 -1.35748185e-09 -1.18955620e-09
  -1.09067575e-09 -1.02581183e-09 -9.80751394e-10 -9.48398742e-10
  -9.24831238e-10 -9.07713728e-10 -8.95581059e-10 -8.87479997e-10
  -8.82777597e-10 -8.81053989e-10 -8.82041986e-10 -8.85595378e-10
  -8.91677098e-10 -9.00363399e-10 -9.11863659e-10 -9.26559288e-10
  -9.45071009e-10 -9.68374248e-10 -9.98003527e-10 -1.03643414e-09
  -1.08784759e-09 -1.15982409e-09 -1.26755298e-09 -1.44845736e-09
  -1.77781918e-09 -3.87487700e-09]
 [-3.75853194e-09 -1.73798449e-09 -1.42549269e-09 -1.25565121e-09
  -1.15601041e-09 -1.09067575e-09 -1.04519366e-09 -1.01240017e-09
  -9.88358115e-10 -9.70733160e-10 -9.58064508e-10 -9.49403859e-10
  -9.44123787e-10 -9.41811318e-10 -9.42208174e-10 -9.45179145e-10
  -9.50699598e-10 -9.58858376e-10 -9.69875987e-10 -9.84141864e-10
  -1.00228012e-09 -1.02526363e-09 -1.05461760e-09 -1.09280201e-09
  -1.14398377e-09 -1.21575555e-09 -1.32343529e-09 -1.50504257e-09
  -1.83728371e-09 -3.97716154e-09]
 [-3.94249020e-09 -1.84586869e-09 -1.52807935e-09 -1.35623296e-09
  -1.25565121e-09 -1.18955620e-09 -1.14332991e-09 -1.10979194e-09
  -1.08501774e-09 -1.06668642e-09 -1.05334662e-09 -1.04405639e-09
  -1.03819326e-09 -1.03534926e-09 -1.03527210e-09 -1.03783381e-09
  -1.04301799e-09 -1.05092198e-09 -1.06177391e-09 -1.07596860e-09
  -1.09413155e-09 -1.11723082e-09 -1.14677775e-09 -1.18520630e-09
  -1.23664522e-09 -1.30865489e-09 -1.41662096e-09 -1.59922016e-09
  -1.93495069e-09 -4.13927901e-09]
 [-4.22646569e-09 -2.02524855e-09 -1.70258254e-09 -1.52807935e-09
  -1.42549269e-09 -1.35748185e-09 -1.30944417e-09 -1.27424557e-09
  -1.24798683e-09 -1.22835490e-09 -1.21389732e-09 -1.20366762e-09
  -1.19703883e-09 -1.19360026e-09 -1.19309953e-09 -1.19541149e-09
  -1.20052536e-09 -1.20854640e-09 -1.21971228e-09 -1.23442789e-09
  -1.25332785e-09 -1.27738581e-09 -1.30811066e-09 -1.34791808e-09
  -1.40088988e-09 -1.47449745e-09 -1.58402454e-09 -1.76850963e-09
  -2.10762695e-09 -4.40750873e-09]
 [-4.70477909e-09 -2.35013581e-09 -2.02524855e-09 -1.84586869e-09
  -1.73798449e-09 -1.66495032e-09 -1.61245693e-09 -1.57342872e-09
  -1.54394236e-09 -1.52163779e-09 -1.50501454e-09 -1.49308506e-09
  -1.48519043e-09 -1.48089754e-09 -1.47994080e-09 -1.48219062e-09
  -1.48764012e-09 -1.49640658e-09 -1.50874769e-09 -1.52509634e-09
  -1.54612300e-09 -1.57284408e-09 -1.60681487e-09 -1.65049151e-09
  -1.70796415e-09 -1.78661101e-09 -1.90134346e-09 -2.09029952e-09
  -2.43047257e-09 -4.87747498e-09]
 [-7.23593443e-09 -4.70477909e-09 -4.22646569e-09 -3.94249020e-09
  -3.75853194e-09 -3.62821887e-09 -3.53151351e-09 -3.45787911e-09
  -3.40118526e-09 -3.35760574e-09 -3.32463784e-09 -3.30059844e-09
  -3.28434714e-09 -3.27512729e-09 -3.27247408e-09 -3.27616380e-09
  -3.28619216e-09 -3.30277615e-09 -3.32637991e-09 -3.35776983e-09
  -3.39811228e-09 -3.44914014e-09 -3.51344160e-09 -3.59498391e-09
  -3.70013115e-09 -3.83982384e-09 -4.03485710e-09 -4.33330779e-09
  -4.83293330e-09 -7.45481117e-09]]
Charge Distribuition on superior board:
[[1.14107705e-06 7.46568304e-07 6.74627768e-07 6.33566831e-07
  6.08748540e-07 5.93089024e-07 5.83700008e-07 5.79290323e-07
  5.79440374e-07 5.84413581e-07 5.95304567e-07 6.14693602e-07
  6.49037640e-07 7.11745835e-07 1.07369533e-06 0.00000000e+00
  0.00000000e+00 0.00000000e+00 0.00000000e+00 0.00000000e+00
  0.00000000e+00 0.00000000e+00 0.00000000e+00 0.00000000e+00
  0.00000000e+00 0.00000000e+00 0.00000000e+00 0.00000000e+00
  0.00000000e+00 0.00000000e+00]
 [7.39746051e-07 3.72010697e-07 3.22592113e-07 2.96159505e-07
  2.81208415e-07 2.72104966e-07 2.66753406e-07 2.64257684e-07
  2.64332040e-07 2.67152128e-07 2.73470528e-07 2.85143729e-07
  3.07264988e-07 3.50277365e-07 6.85644657e-07 0.00000000e+00
  0.00000000e+00 0.00000000e+00 0.00000000e+00 0.00000000e+00
  0.00000000e+00 0.00000000e+00 0.00000000e+00 0.00000000e+00
  0.00000000e+00 0.00000000e+00 0.00000000e+00 0.00000000e+00
  0.00000000e+00 0.00000000e+00]
 [6.63263320e-07 3.19938467e-07 2.70682170e-07 2.44768448e-07
  2.30351837e-07 2.21689419e-07 2.16633044e-07 2.14268169e-07
  2.14301878e-07 2.16906838e-07 2.22839079e-07 2.33977972e-07
  2.55452919e-07 2.97889661e-07 6.06618757e-07 0.00000000e+00
  0.00000000e+00 0.00000000e+00 0.00000000e+00 0.00000000e+00
  0.00000000e+00 0.00000000e+00 0.00000000e+00 0.00000000e+00
  0.00000000e+00 0.00000000e+00 0.00000000e+00 0.00000000e+00
  0.00000000e+00 0.00000000e+00]
 [6.17574634e-07 2.91012923e-07 2.42441529e-07 2.16816818e-07
  2.02552278e-07 1.93997639e-07 1.89001272e-07 1.86638266e-07
  1.86607529e-07 1.89075098e-07 1.94787619e-07 2.05594575e-07
  2.26461604e-07 2.67618037e-07 5.56536047e-07 0.00000000e+00
  0.00000000e+00 0.00000000e+00 0.00000000e+00 0.00000000e+00
  0.00000000e+00 0.00000000e+00 0.00000000e+00 0.00000000e+00
  0.00000000e+00 0.00000000e+00 0.00000000e+00 0.00000000e+00
  0.00000000e+00 0.00000000e+00]
 [5.87716383e-07 2.73448846e-07 2.25674680e-07 2.00289180e-07
  1.86068645e-07 1.77506613e-07 1.72477302e-07 1.70056075e-07
  1.69935209e-07 1.72269410e-07 1.77781945e-07 1.88259250e-07
  2.08445451e-07 2.48059505e-07 5.20911469e-07 0.00000000e+00
  0.00000000e+00 0.00000000e+00 0.00000000e+00 0.00000000e+00
  0.00000000e+00 0.00000000e+00 0.00000000e+00 0.00000000e+00
  0.00000000e+00 0.00000000e+00 0.00000000e+00 0.00000000e+00
  0.00000000e+00 0.00000000e+00]
 [5.66329491e-07 2.61408530e-07 2.14406116e-07 1.89265431e-07
  1.75081456e-07 1.66488191e-07 1.61396825e-07 1.58889523e-07
  1.58653037e-07 1.60826703e-07 1.66100412e-07 1.76181278e-07
  1.95583751e-07 2.33536998e-07 4.92527158e-07 0.00000000e+00
  0.00000000e+00 0.00000000e+00 0.00000000e+00 0.00000000e+00
  0.00000000e+00 0.00000000e+00 0.00000000e+00 0.00000000e+00
  0.00000000e+00 0.00000000e+00 0.00000000e+00 0.00000000e+00
  0.00000000e+00 0.00000000e+00]
 [5.50230851e-07 2.52609513e-07 2.06296383e-07 1.81390533e-07
  1.67246047e-07 1.58617404e-07 1.53452317e-07 1.50841194e-07
  1.50464870e-07 1.52444176e-07 1.57429743e-07 1.67042696e-07
  1.85572196e-07 2.21786337e-07 4.68127369e-07 0.00000000e+00
  0.00000000e+00 0.00000000e+00 0.00000000e+00 0.00000000e+00
  0.00000000e+00 0.00000000e+00 0.00000000e+00 0.00000000e+00
  0.00000000e+00 0.00000000e+00 0.00000000e+00 0.00000000e+00
  0.00000000e+00 0.00000000e+00]
 [5.37745791e-07 2.45922410e-07 2.00201848e-07 1.75507237e-07
  1.61400229e-07 1.52733978e-07 1.47487588e-07 1.44758167e-07
  1.44219033e-07 1.45969652e-07 1.50617180e-07 1.59692529e-07
  1.77261434e-07 2.11643967e-07 4.45851969e-07 0.00000000e+00
  0.00000000e+00 0.00000000e+00 0.00000000e+00 0.00000000e+00
  0.00000000e+00 0.00000000e+00 0.00000000e+00 0.00000000e+00
  0.00000000e+00 0.00000000e+00 0.00000000e+00 0.00000000e+00
  0.00000000e+00 0.00000000e+00]
 [5.27900146e-07 2.40721142e-07 1.95497709e-07 1.70983558e-07
  1.56906182e-07 1.48197858e-07 1.42862638e-07 1.40001380e-07
  1.39277451e-07 1.40765777e-07 1.45025591e-07 1.53491856e-07
  1.70000763e-07 2.02417178e-07 4.24437634e-07 0.00000000e+00
  0.00000000e+00 0.00000000e+00 0.00000000e+00 0.00000000e+00
  0.00000000e+00 0.00000000e+00 0.00000000e+00 0.00000000e+00
  0.00000000e+00 0.00000000e+00 0.00000000e+00 0.00000000e+00
  0.00000000e+00 0.00000000e+00]
 [5.20086641e-07 2.36629746e-07 1.91814198e-07 1.67446928e-07
  1.53387359e-07 1.44630156e-07 1.39197896e-07 1.36191692e-07
  1.35261935e-07 1.36455120e-07 1.40276644e-07 1.48055929e-07
  1.63382335e-07 1.93634804e-07 4.02856159e-07 0.00000000e+00
  0.00000000e+00 0.00000000e+00 0.00000000e+00 0.00000000e+00
  0.00000000e+00 0.00000000e+00 0.00000000e+00 0.00000000e+00
  0.00000000e+00 0.00000000e+00 0.00000000e+00 0.00000000e+00
  0.00000000e+00 0.00000000e+00]
 [5.13909092e-07 2.33410148e-07 1.88920344e-07 1.64666010e-07
  1.50610297e-07 1.41795983e-07 1.36258208e-07 1.33094721e-07
  1.31939503e-07 1.32805830e-07 1.36137096e-07 1.43141840e-07
  1.57129982e-07 1.84932535e-07 3.80088722e-07 0.00000000e+00
  0.00000000e+00 0.00000000e+00 0.00000000e+00 0.00000000e+00
  0.00000000e+00 0.00000000e+00 0.00000000e+00 0.00000000e+00
  0.00000000e+00 0.00000000e+00 0.00000000e+00 0.00000000e+00
  0.00000000e+00 0.00000000e+00]
 [5.09102237e-07 2.30906761e-07 1.86667108e-07 1.62492617e-07
  1.48426074e-07 1.39546029e-07 1.33894807e-07 1.30563298e-07
  1.29165477e-07 1.29675826e-07 1.32465038e-07 1.38597936e-07
  1.51050170e-07 1.75994050e-07 3.54895518e-07 0.00000000e+00
  0.00000000e+00 0.00000000e+00 0.00000000e+00 0.00000000e+00
  0.00000000e+00 0.00000000e+00 0.00000000e+00 0.00000000e+00
  0.00000000e+00 0.00000000e+00 0.00000000e+00 0.00000000e+00
  0.00000000e+00 0.00000000e+00]
 [5.05487533e-07 2.29016956e-07 1.84957349e-07 1.60831001e-07
  1.46739157e-07 1.37785278e-07 1.32014114e-07 1.28506568e-07
  1.26853235e-07 1.26984091e-07 1.29184666e-07 1.34345338e-07
  1.45020903e-07 1.66531251e-07 3.25420882e-07 0.00000000e+00
  0.00000000e+00 0.00000000e+00 0.00000000e+00 0.00000000e+00
  0.00000000e+00 0.00000000e+00 0.00000000e+00 0.00000000e+00
  0.00000000e+00 0.00000000e+00 0.00000000e+00 0.00000000e+00
  0.00000000e+00 0.00000000e+00]
 [5.02947659e-07 2.27674465e-07 1.83729084e-07 1.59620728e-07
  1.45489932e-07 1.36455345e-07 1.30560011e-07 1.26872332e-07
  1.24956993e-07 1.24694932e-07 1.26275130e-07 1.30379836e-07
  1.39022323e-07 1.56369156e-07 2.88211160e-07 0.00000000e+00
  0.00000000e+00 0.00000000e+00 0.00000000e+00 0.00000000e+00
  0.00000000e+00 0.00000000e+00 0.00000000e+00 0.00000000e+00
  0.00000000e+00 0.00000000e+00 0.00000000e+00 0.00000000e+00
  0.00000000e+00 0.00000000e+00]
 [5.01411566e-07 2.26839839e-07 1.82945932e-07 1.58826871e-07
  1.44644643e-07 1.35524177e-07 1.29503317e-07 1.25636302e-07
  1.23460881e-07 1.22807445e-07 1.23763349e-07 1.26781816e-07
  1.33218118e-07 1.45758684e-07 2.33731765e-07 0.00000000e+00
  0.00000000e+00 0.00000000e+00 0.00000000e+00 0.00000000e+00
  0.00000000e+00 0.00000000e+00 0.00000000e+00 0.00000000e+00
  0.00000000e+00 0.00000000e+00 0.00000000e+00 0.00000000e+00
  0.00000000e+00 0.00000000e+00]
 [5.00846031e-07 2.26495126e-07 1.82591777e-07 1.58434530e-07
  1.44189688e-07 1.34980098e-07 1.28835485e-07 1.24795215e-07
  1.22370995e-07 1.21345546e-07 1.21710976e-07 1.23705138e-07
  1.28033953e-07 1.36282505e-07 1.61975568e-07 2.33731765e-07
  2.88211160e-07 3.25420882e-07 3.54895518e-07 3.80088722e-07
  4.02856159e-07 4.24437634e-07 4.45851969e-07 4.68127369e-07
  4.92527158e-07 5.20911469e-07 5.56536047e-07 6.06618757e-07
  6.85644657e-07 1.07369533e-06]
 [5.01251707e-07 2.26641374e-07 1.82668267e-07 1.58446212e-07
  1.44128833e-07 1.34828778e-07 1.28565158e-07 1.24362582e-07
  1.21709356e-07 1.20347545e-07 1.20191702e-07 1.21314024e-07
  1.23988596e-07 1.28739485e-07 1.36282505e-07 1.45758684e-07
  1.56369156e-07 1.66531251e-07 1.75994050e-07 1.84932535e-07
  1.93634804e-07 2.02417178e-07 2.11643967e-07 2.21786337e-07
  2.33536998e-07 2.48059505e-07 2.67618037e-07 2.97889661e-07
  3.50277365e-07 7.11745835e-07]
 [5.02662830e-07 2.27298415e-07 1.83194554e-07 1.58881500e-07
  1.44482772e-07 1.35092594e-07 1.28717165e-07 1.24366941e-07
  1.21510478e-07 1.19858308e-07 1.19269817e-07 1.19712670e-07
  1.21244970e-07 1.23988596e-07 1.28033953e-07 1.33218118e-07
  1.39022323e-07 1.45020903e-07 1.51050170e-07 1.57129982e-07
  1.63382335e-07 1.70000763e-07 1.77261434e-07 1.85572196e-07
  1.95583751e-07 2.08445451e-07 2.26461604e-07 2.55452919e-07
  3.07264988e-07 6.49037640e-07]
 [5.05150545e-07 2.28506901e-07 1.84209267e-07 1.59779011e-07
  1.45291036e-07 1.35812440e-07 1.29334128e-07 1.24853080e-07
  1.21821828e-07 1.19928173e-07 1.18996153e-07 1.18935990e-07
  1.19712670e-07 1.21314024e-07 1.23705138e-07 1.26781816e-07
  1.30379836e-07 1.34345338e-07 1.38597936e-07 1.43141840e-07
  1.48055929e-07 1.53491856e-07 1.59692529e-07 1.67042696e-07
  1.76181278e-07 1.88259250e-07 2.05594575e-07 2.33977972e-07
  2.85143729e-07 6.14693602e-07]
 [5.08830663e-07 2.30333124e-07 1.85775267e-07 1.61201187e-07
  1.46616833e-07 1.37052579e-07 1.30481309e-07 1.25886923e-07
  1.22709048e-07 1.20619762e-07 1.19421833e-07 1.18996153e-07
  1.19269817e-07 1.20191702e-07 1.21710976e-07 1.23763349e-07
  1.26275130e-07 1.29184666e-07 1.32465038e-07 1.36137096e-07
  1.40276644e-07 1.45025591e-07 1.50617180e-07 1.57429743e-07
  1.66100412e-07 1.77781945e-07 1.94787619e-07 2.22839079e-07
  2.73470528e-07 5.95304567e-07]
 [5.13877740e-07 2.32877939e-07 1.87988520e-07 1.63243304e-07
  1.48556197e-07 1.38909890e-07 1.32255972e-07 1.27565205e-07
  1.24266573e-07 1.22021329e-07 1.20619762e-07 1.19928173e-07
  1.19858308e-07 1.20347545e-07 1.21345546e-07 1.22807445e-07
  1.24694932e-07 1.26984091e-07 1.29675826e-07 1.32805830e-07
  1.36455120e-07 1.40765777e-07 1.45969652e-07 1.52444176e-07
  1.60826703e-07 1.72269410e-07 1.89075098e-07 2.16906838e-07
  2.67152128e-07 5.84413581e-07]
 [5.20549396e-07 2.36292504e-07 1.90993889e-07 1.66049538e-07
  1.51254276e-07 1.41530274e-07 1.34803914e-07 1.30032313e-07
  1.26635316e-07 1.24266573e-07 1.22709048e-07 1.21821828e-07
  1.21510478e-07 1.21709356e-07 1.22370995e-07 1.23460881e-07
  1.24956993e-07 1.26853235e-07 1.29165477e-07 1.31939503e-07
  1.35261935e-07 1.39277451e-07 1.44219033e-07 1.50464870e-07
  1.58653037e-07 1.69935209e-07 1.86607529e-07 2.14301878e-07
  2.64332040e-07 5.79440374e-07]
 [5.29228708e-07 2.40806482e-07 1.95013695e-07 1.69842033e-07
  1.54934658e-07 1.45137987e-07 1.38348701e-07 1.33509551e-07
  1.30032313e-07 1.27565205e-07 1.25886923e-07 1.24853080e-07
  1.24366941e-07 1.24362582e-07 1.24795215e-07 1.25636302e-07
  1.26872332e-07 1.28506568e-07 1.30563298e-07 1.33094721e-07
  1.36191692e-07 1.40001380e-07 1.44758167e-07 1.50841194e-07
  1.58889523e-07 1.70056075e-07 1.86638266e-07 2.14268169e-07
  2.64257684e-07 5.79290323e-07]
 [5.40501328e-07 2.46781109e-07 2.00401972e-07 1.74976028e-07
  1.59954636e-07 1.50090446e-07 1.43245817e-07 1.38348701e-07
  1.34803914e-07 1.32255972e-07 1.30481309e-07 1.29334128e-07
  1.28717165e-07 1.28565158e-07 1.28835485e-07 1.29503317e-07
  1.30560011e-07 1.32014114e-07 1.33894807e-07 1.36258208e-07
  1.39197896e-07 1.42862638e-07 1.47487588e-07 1.53452317e-07
  1.61396825e-07 1.72477302e-07 1.89001272e-07 2.16633044e-07
  2.66753406e-07 5.83700008e-07]
 [5.55305591e-07 2.54816897e-07 2.07755539e-07 1.82052211e-07
  1.66916829e-07 1.56988042e-07 1.50090446e-07 1.45137987e-07
  1.41530274e-07 1.38909890e-07 1.37052579e-07 1.35812440e-07
  1.35092594e-07 1.34828778e-07 1.34980098e-07 1.35524177e-07
  1.36455345e-07 1.37785278e-07 1.39546029e-07 1.41795983e-07
  1.44630156e-07 1.48197858e-07 1.52733978e-07 1.58617404e-07
  1.66488191e-07 1.77506613e-07 1.93997639e-07 2.21689419e-07
  2.72104966e-07 5.93089024e-07]
 [5.75254274e-07 2.65996840e-07 2.18166338e-07 1.92169612e-07
  1.76917744e-07 1.66916829e-07 1.59954636e-07 1.54934658e-07
  1.51254276e-07 1.48556197e-07 1.46616833e-07 1.45291036e-07
  1.44482772e-07 1.44128833e-07 1.44189688e-07 1.44644643e-07
  1.45489932e-07 1.46739157e-07 1.48426074e-07 1.50610297e-07
  1.53387359e-07 1.56906182e-07 1.61400229e-07 1.67246047e-07
  1.75081456e-07 1.86068645e-07 2.02552278e-07 2.30351837e-07
  2.81208415e-07 6.08748540e-07]
 [6.03414342e-07 2.82511118e-07 2.33869441e-07 2.07565639e-07
  1.92169612e-07 1.82052211e-07 1.74976028e-07 1.69842033e-07
  1.66049538e-07 1.63243304e-07 1.61201187e-07 1.59779011e-07
  1.58881500e-07 1.58446212e-07 1.58434530e-07 1.58826871e-07
  1.59620728e-07 1.60831001e-07 1.62492617e-07 1.64666010e-07
  1.67446928e-07 1.70983558e-07 1.75507237e-07 1.81390533e-07
  1.89265431e-07 2.00289180e-07 2.16816818e-07 2.44768448e-07
  2.96159505e-07 6.33566831e-07]
 [6.46883530e-07 3.09968693e-07 2.60580172e-07 2.33869441e-07
  2.18166338e-07 2.07755539e-07 2.00401972e-07 1.95013695e-07
  1.90993889e-07 1.87988520e-07 1.85775267e-07 1.84209267e-07
  1.83194554e-07 1.82668267e-07 1.82591777e-07 1.82945932e-07
  1.83729084e-07 1.84957349e-07 1.86667108e-07 1.88920344e-07
  1.91814198e-07 1.95497709e-07 2.00201848e-07 2.06296383e-07
  2.14406116e-07 2.25674680e-07 2.42441529e-07 2.70682170e-07
  3.22592113e-07 6.74627768e-07]
 [7.20098619e-07 3.59697778e-07 3.09968693e-07 2.82511118e-07
  2.65996840e-07 2.54816897e-07 2.46781109e-07 2.40806482e-07
  2.36292504e-07 2.32877939e-07 2.30333124e-07 2.28506901e-07
  2.27298415e-07 2.26641374e-07 2.26495126e-07 2.26839839e-07
  2.27674465e-07 2.29016956e-07 2.30906761e-07 2.33410148e-07
  2.36629746e-07 2.40721142e-07 2.45922410e-07 2.52609513e-07
  2.61408530e-07 2.73448846e-07 2.91012923e-07 3.19938467e-07
  3.72010697e-07 7.46568304e-07]
 [1.10752131e-06 7.20098619e-07 6.46883530e-07 6.03414342e-07
  5.75254274e-07 5.55305591e-07 5.40501328e-07 5.29228708e-07
  5.20549396e-07 5.13877740e-07 5.08830663e-07 5.05150545e-07
  5.02662830e-07 5.01251707e-07 5.00846031e-07 5.01411566e-07
  5.02947659e-07 5.05487533e-07 5.09102237e-07 5.13909092e-07
  5.20086641e-07 5.27900146e-07 5.37745791e-07 5.50230851e-07
  5.66329491e-07 5.87716383e-07 6.17574634e-07 6.63263320e-07
  7.39746051e-07 1.14107705e-06]]